4 6 1 18 19 22 28 44 4 19 40 41 47 8 1 3 4 18 28 40 41 44 6 11 12 13 19 44 49 
2 2 33 42 2 40 42 
3 7 3 11 17 22 27 28 37 4 3 11 27 28 5 3 17 18 22 32 
4 8 3 5 18 34 37 40 44 48 6 27 33 42 44 46 48 6 3 18 32 37 40 44 6 15 34 37 40 42 44 
4 6 4 18 25 27 30 42 9 4 18 25 26 27 30 33 39 49 9 18 22 25 26 27 30 42 44 48 7 4 22 25 27 30 44 49 
3 4 6 18 23 46 3 12 29 32 4 12 18 29 40 
5 4 11 30 35 42 4 18 30 39 42 5 3 13 30 39 44 3 28 30 47 6 3 11 19 35 37 47 
8 2 28 30 3 3 10 37 3 16 28 32 3 3 10 37 3 3 30 44 3 10 16 32 3 10 28 35 3 10 28 30 
7 10 1 3 5 11 15 18 22 28 36 42 11 11 18 19 22 26 33 36 37 42 48 49 10 4 6 19 22 33 36 37 40 42 49 11 5 6 11 20 22 28 33 37 42 44 49 8 6 11 18 19 22 37 42 49 11 6 10 11 19 22 32 33 36 37 42 49 10 5 6 11 25 26 36 37 42 48 49 
2 1 18 2 26 48 
3 2 9 12 2 9 12 2 9 12 
4 1 8 2 4 8 2 4 8 1 8 
5 3 8 11 33 4 8 11 37 46 2 15 17 2 15 46 4 8 18 35 39 
7 9 3 4 11 12 17 23 40 44 49 9 1 4 17 18 23 33 37 40 44 4 1 3 12 44 5 1 3 40 44 48 9 1 4 18 33 35 37 40 44 48 6 1 3 4 9 12 35 7 3 12 18 33 37 40 44 
3 5 4 11 27 39 48 6 4 27 35 39 40 48 2 11 27 
3 5 3 4 11 13 46 6 0 4 13 18 19 35 5 0 4 11 19 35 
4 1 37 1 3 1 33 2 10 34 
6 3 17 18 26 7 10 12 17 19 26 28 32 7 10 12 13 18 28 32 49 6 13 17 18 26 37 49 5 8 13 18 19 28 5 10 12 32 44 46 
4 6 3 6 22 42 44 47 4 18 43 44 47 6 4 6 8 17 25 44 4 4 42 44 47 
2 5 19 23 26 28 49 5 19 23 26 28 49 
3 5 0 5 37 40 44 5 0 5 37 40 44 4 5 37 40 44 
5 2 37 42 2 37 42 3 5 12 42 1 12 2 12 42 
5 3 15 28 49 3 15 28 49 4 15 28 37 44 3 15 37 49 3 5 28 49 
8 7 3 5 17 18 30 34 39 8 5 18 26 28 30 39 42 47 9 10 17 18 26 27 28 30 47 49 9 7 10 17 22 36 40 42 47 49 9 1 11 18 22 30 36 47 48 49 8 3 5 22 28 36 42 47 49 4 18 27 30 40 8 3 11 17 18 28 33 36 47 
5 4 12 17 19 35 6 4 23 24 28 32 42 4 28 37 42 49 5 11 19 28 35 42 4 11 12 19 35 
3 2 26 35 4 19 26 28 35 1 26 
3 1 34 1 34 3 23 27 48 
3 2 19 22 2 19 22 3 10 22 35 
4 1 33 1 33 1 33 1 33 
7 7 5 7 11 17 26 29 40 5 0 5 10 17 40 7 5 7 10 17 26 27 40 4 5 7 17 40 1 32 5 0 5 10 42 47 4 0 7 9 26 
3 5 1 4 11 18 35 7 1 3 4 18 35 44 49 5 1 4 11 18 35 
4 9 3 4 9 11 13 17 28 40 42 6 4 9 17 18 37 42 9 4 9 11 12 17 18 32 35 42 7 4 11 18 32 42 44 49 
7 5 5 26 33 39 48 6 4 18 37 39 44 48 5 18 26 37 40 44 3 4 8 19 7 5 18 28 35 37 39 46 6 8 18 22 33 37 40 7 1 5 8 18 28 36 39 
7 2 18 39 5 9 17 18 23 45 3 17 18 23 4 9 27 39 45 3 9 39 45 2 18 39 3 18 46 48 
4 2 27 28 2 27 28 1 27 2 27 28 
9 6 3 18 19 25 39 44 2 10 18 5 4 10 18 36 44 1 10 4 19 25 39 44 5 18 22 27 39 47 5 3 19 25 39 41 4 3 10 18 39 6 6 14 27 36 39 44 
8 4 4 17 26 47 2 4 47 2 4 47 2 4 47 1 13 1 35 2 4 47 1 47 
3 2 19 49 2 19 49 2 19 49 
5 4 3 18 39 49 6 5 18 22 39 44 49 6 0 18 35 44 47 49 7 0 10 11 13 34 44 49 7 3 5 10 11 39 43 49 
5 6 6 10 17 37 39 49 4 22 35 37 42 5 0 12 17 37 39 1 0 5 1 4 27 34 37 
5 4 4 10 23 24 4 4 10 23 24 3 4 23 24 2 18 24 5 4 23 24 28 33 
1 2 1 18 
6 4 3 18 28 47 3 18 47 48 3 28 47 48 4 3 19 27 40 5 3 10 13 19 37 4 3 10 19 48 
3 1 11 2 11 37 1 11 
2 1 18 1 18 
3 2 6 40 4 1 6 11 34 4 1 6 34 40 
6 7 1 5 10 11 37 39 48 4 10 11 25 42 7 1 10 11 25 32 37 49 6 1 5 37 40 42 48 7 5 10 11 17 18 27 40 6 1 10 11 18 40 49 
3 3 4 26 28 4 26 28 33 44 3 13 26 28 
4 3 6 11 42 6 9 11 12 27 30 40 3 11 25 42 5 27 30 35 42 48 
3 4 3 6 33 49 3 3 37 49 4 3 5 6 37 
2 1 3 1 3 
3 4 11 17 27 33 2 11 27 3 11 27 37 
3 2 9 25 2 9 25 2 11 25 
2 3 27 28 37 2 27 28 
4 4 4 28 35 37 2 28 39 2 28 39 2 28 35 
6 3 5 11 30 2 11 30 2 3 30 2 5 48 2 5 48 4 5 11 30 48 
1 1 3 
3 4 4 11 42 47 3 4 11 47 4 3 4 40 47 
5 4 20 27 37 49 3 36 37 49 5 4 20 32 35 37 4 20 27 36 37 6 11 27 28 37 44 49 
2 2 11 25 3 10 11 25 
1 1 35 
5 2 1 47 4 1 17 40 47 4 0 1 35 47 4 0 1 37 47 2 1 47 
2 1 32 1 32 
3 3 42 43 48 4 33 42 43 48 4 22 42 43 48 
2 2 13 17 3 4 23 40 
4 6 3 8 17 25 42 49 8 3 5 8 17 18 25 42 49 6 3 17 25 27 44 49 7 13 17 25 33 37 42 49 
3 8 1 3 10 12 14 18 27 37 5 3 10 12 19 27 6 3 10 11 27 39 47 
3 2 3 24 3 15 24 47 2 15 24 
2 3 3 4 27 5 12 18 27 39 48 
2 2 5 37 2 5 37 
2 3 4 35 44 3 4 35 44 
6 2 12 17 2 12 17 3 12 17 29 2 12 29 2 12 29 1 12 
5 3 3 6 12 6 11 12 17 18 29 43 3 12 17 29 6 3 6 29 40 42 44 4 6 17 28 29 
7 4 5 11 22 45 6 1 11 13 25 27 37 5 4 11 32 40 47 5 17 22 42 46 47 6 0 9 11 22 40 43 3 11 37 40 5 11 37 43 47 48 
7 3 3 4 37 7 1 3 4 15 22 37 44 6 0 3 4 15 42 44 2 1 15 5 17 18 24 42 44 6 1 3 9 24 44 48 6 3 4 21 24 28 42 
5 3 11 17 34 1 18 4 11 17 31 34 1 18 3 3 19 42 
