1 1 1 
1 1 18 
1 1 19 
1 1 22 
1 1 28 
1 1 44 
1 2 19 
1 2 40 
1 2 41 
1 2 47 
1 3 1 
1 3 3 
1 3 4 
1 3 18 
1 3 28 
1 3 40 
1 3 41 
1 3 44 
1 4 11 
1 4 12 
1 4 13 
1 4 19 
1 4 44 
1 4 49 
2 1 33 
2 1 42 
2 2 40 
2 2 42 
3 1 3 
3 1 11 
3 1 17 
3 1 22 
3 1 27 
3 1 28 
3 1 37 
3 2 3 
3 2 11 
3 2 27 
3 2 28 
3 3 3 
3 3 17 
3 3 18 
3 3 22 
3 3 32 
4 1 3 
4 1 5 
4 1 18 
4 1 34 
4 1 37 
4 1 40 
4 1 44 
4 1 48 
4 2 27 
4 2 33 
4 2 42 
4 2 44 
4 2 46 
4 2 48 
4 3 3 
4 3 18 
4 3 32 
4 3 37 
4 3 40 
4 3 44 
4 4 15 
4 4 34 
4 4 37 
4 4 40 
4 4 42 
4 4 44 
5 1 4 
5 1 18 
5 1 25 
5 1 27 
5 1 30 
5 1 42 
5 2 4 
5 2 18 
5 2 25 
5 2 26 
5 2 27 
5 2 30 
5 2 33 
5 2 39 
5 2 49 
5 3 18 
5 3 22 
5 3 25 
5 3 26 
5 3 27 
5 3 30 
5 3 42 
5 3 44 
5 3 48 
5 4 4 
5 4 22 
5 4 25 
5 4 27 
5 4 30 
5 4 44 
5 4 49 
6 1 6 
6 1 18 
6 1 23 
6 1 46 
6 2 12 
6 2 29 
6 2 32 
6 3 12 
6 3 18 
6 3 29 
6 3 40 
7 1 11 
7 1 30 
7 1 35 
7 1 42 
7 2 18 
7 2 30 
7 2 39 
7 2 42 
7 3 3 
7 3 13 
7 3 30 
7 3 39 
7 3 44 
7 4 28 
7 4 30 
7 4 47 
7 5 3 
7 5 11 
7 5 19 
7 5 35 
7 5 37 
7 5 47 
8 1 28 
8 1 30 
8 2 3 
8 2 10 
8 2 37 
8 3 16 
8 3 28 
8 3 32 
8 4 3 
8 4 10 
8 4 37 
8 5 3 
8 5 30 
8 5 44 
8 6 10 
8 6 16 
8 6 32 
8 7 10 
8 7 28 
8 7 35 
8 8 10 
8 8 28 
8 8 30 
9 1 1 
9 1 3 
9 1 5 
9 1 11 
9 1 15 
9 1 18 
9 1 22 
9 1 28 
9 1 36 
9 1 42 
9 2 11 
9 2 18 
9 2 19 
9 2 22 
9 2 26 
9 2 33 
9 2 36 
9 2 37 
9 2 42 
9 2 48 
9 2 49 
9 3 4 
9 3 6 
9 3 19 
9 3 22 
9 3 33 
9 3 36 
9 3 37 
9 3 40 
9 3 42 
9 3 49 
9 4 5 
9 4 6 
9 4 11 
9 4 20 
9 4 22 
9 4 28 
9 4 33 
9 4 37 
9 4 42 
9 4 44 
9 4 49 
9 5 6 
9 5 11 
9 5 18 
9 5 19 
9 5 22 
9 5 37 
9 5 42 
9 5 49 
9 6 6 
9 6 10 
9 6 11 
9 6 19 
9 6 22 
9 6 32 
9 6 33 
9 6 36 
9 6 37 
9 6 42 
9 6 49 
9 7 5 
9 7 6 
9 7 11 
9 7 25 
9 7 26 
9 7 36 
9 7 37 
9 7 42 
9 7 48 
9 7 49 
10 1 18 
10 2 26 
10 2 48 
11 1 9 
11 1 12 
11 2 9 
11 2 12 
11 3 9 
11 3 12 
12 1 8 
12 2 4 
12 2 8 
12 3 4 
12 3 8 
12 4 8 
13 1 8 
13 1 11 
13 1 33 
13 2 8 
13 2 11 
13 2 37 
13 2 46 
13 3 15 
13 3 17 
13 4 15 
13 4 46 
13 5 8 
13 5 18 
13 5 35 
13 5 39 
14 1 3 
14 1 4 
14 1 11 
14 1 12 
14 1 17 
14 1 23 
14 1 40 
14 1 44 
14 1 49 
14 2 1 
14 2 4 
14 2 17 
14 2 18 
14 2 23 
14 2 33 
14 2 37 
14 2 40 
14 2 44 
14 3 1 
14 3 3 
14 3 12 
14 3 44 
14 4 1 
14 4 3 
14 4 40 
14 4 44 
14 4 48 
14 5 1 
14 5 4 
14 5 18 
14 5 33 
14 5 35 
14 5 37 
14 5 40 
14 5 44 
14 5 48 
14 6 1 
14 6 3 
14 6 4 
14 6 9 
14 6 12 
14 6 35 
14 7 3 
14 7 12 
14 7 18 
14 7 33 
14 7 37 
14 7 40 
14 7 44 
15 1 4 
15 1 11 
15 1 27 
15 1 39 
15 1 48 
15 2 4 
15 2 27 
15 2 35 
15 2 39 
15 2 40 
15 2 48 
15 3 11 
15 3 27 
16 1 3 
16 1 4 
16 1 11 
16 1 13 
16 1 46 
16 2 4 
16 2 13 
16 2 18 
16 2 19 
16 2 35 
16 3 4 
16 3 11 
16 3 19 
16 3 35 
17 1 37 
17 2 3 
17 3 33 
17 4 10 
17 4 34 
18 1 17 
18 1 18 
18 1 26 
18 2 10 
18 2 12 
18 2 17 
18 2 19 
18 2 26 
18 2 28 
18 2 32 
18 3 10 
18 3 12 
18 3 13 
18 3 18 
18 3 28 
18 3 32 
18 3 49 
18 4 13 
18 4 17 
18 4 18 
18 4 26 
18 4 37 
18 4 49 
18 5 8 
18 5 13 
18 5 18 
18 5 19 
18 5 28 
18 6 10 
18 6 12 
18 6 32 
18 6 44 
18 6 46 
19 1 3 
19 1 6 
19 1 22 
19 1 42 
19 1 44 
19 1 47 
19 2 18 
19 2 43 
19 2 44 
19 2 47 
19 3 4 
19 3 6 
19 3 8 
19 3 17 
19 3 25 
19 3 44 
19 4 4 
19 4 42 
19 4 44 
19 4 47 
20 1 19 
20 1 23 
20 1 26 
20 1 28 
20 1 49 
20 2 19 
20 2 23 
20 2 26 
20 2 28 
20 2 49 
21 1 5 
21 1 37 
21 1 40 
21 1 44 
21 2 5 
21 2 37 
21 2 40 
21 2 44 
21 3 5 
21 3 37 
21 3 40 
21 3 44 
22 1 37 
22 1 42 
22 2 37 
22 2 42 
22 3 5 
22 3 12 
22 3 42 
22 4 12 
22 5 12 
22 5 42 
23 1 15 
23 1 28 
23 1 49 
23 2 15 
23 2 28 
23 2 49 
23 3 15 
23 3 28 
23 3 37 
23 3 44 
23 4 15 
23 4 37 
23 4 49 
23 5 5 
23 5 28 
23 5 49 
24 1 3 
24 1 5 
24 1 17 
24 1 18 
24 1 30 
24 1 34 
24 1 39 
24 2 5 
24 2 18 
24 2 26 
24 2 28 
24 2 30 
24 2 39 
24 2 42 
24 2 47 
24 3 10 
24 3 17 
24 3 18 
24 3 26 
24 3 27 
24 3 28 
24 3 30 
24 3 47 
24 3 49 
24 4 7 
24 4 10 
24 4 17 
24 4 22 
24 4 36 
24 4 40 
24 4 42 
24 4 47 
24 4 49 
24 5 1 
24 5 11 
24 5 18 
24 5 22 
24 5 30 
24 5 36 
24 5 47 
24 5 48 
24 5 49 
24 6 3 
24 6 5 
24 6 22 
24 6 28 
24 6 36 
24 6 42 
24 6 47 
24 6 49 
24 7 18 
24 7 27 
24 7 30 
24 7 40 
24 8 3 
24 8 11 
24 8 17 
24 8 18 
24 8 28 
24 8 33 
24 8 36 
24 8 47 
25 1 12 
25 1 17 
25 1 19 
25 1 35 
25 2 4 
25 2 23 
25 2 24 
25 2 28 
25 2 32 
25 2 42 
25 3 28 
25 3 37 
25 3 42 
25 3 49 
25 4 11 
25 4 19 
25 4 28 
25 4 35 
25 4 42 
25 5 11 
25 5 12 
25 5 19 
25 5 35 
26 1 26 
26 1 35 
26 2 19 
26 2 26 
26 2 28 
26 2 35 
26 3 26 
27 1 34 
27 2 34 
27 3 23 
27 3 27 
27 3 48 
28 1 19 
28 1 22 
28 2 19 
28 2 22 
28 3 10 
28 3 22 
28 3 35 
29 1 33 
29 2 33 
29 3 33 
29 4 33 
30 1 5 
30 1 7 
30 1 11 
30 1 17 
30 1 26 
30 1 29 
30 1 40 
30 2 5 
30 2 10 
30 2 17 
30 2 40 
30 3 5 
30 3 7 
30 3 10 
30 3 17 
30 3 26 
30 3 27 
30 3 40 
30 4 5 
30 4 7 
30 4 17 
30 4 40 
30 5 32 
30 6 5 
30 6 10 
30 6 42 
30 6 47 
30 7 7 
30 7 9 
30 7 26 
31 1 1 
31 1 4 
31 1 11 
31 1 18 
31 1 35 
31 2 1 
31 2 3 
31 2 4 
31 2 18 
31 2 35 
31 2 44 
31 2 49 
31 3 1 
31 3 4 
31 3 11 
31 3 18 
31 3 35 
32 1 3 
32 1 4 
32 1 9 
32 1 11 
32 1 13 
32 1 17 
32 1 28 
32 1 40 
32 1 42 
32 2 4 
32 2 9 
32 2 17 
32 2 18 
32 2 37 
32 2 42 
32 3 4 
32 3 9 
32 3 11 
32 3 12 
32 3 17 
32 3 18 
32 3 32 
32 3 35 
32 3 42 
32 4 4 
32 4 11 
32 4 18 
32 4 32 
32 4 42 
32 4 44 
32 4 49 
33 1 5 
33 1 26 
33 1 33 
33 1 39 
33 1 48 
33 2 4 
33 2 18 
33 2 37 
33 2 39 
33 2 44 
33 2 48 
33 3 18 
33 3 26 
33 3 37 
33 3 40 
33 3 44 
33 4 4 
33 4 8 
33 4 19 
33 5 5 
33 5 18 
33 5 28 
33 5 35 
33 5 37 
33 5 39 
33 5 46 
33 6 8 
33 6 18 
33 6 22 
33 6 33 
33 6 37 
33 6 40 
33 7 1 
33 7 5 
33 7 8 
33 7 18 
33 7 28 
33 7 36 
33 7 39 
34 1 18 
34 1 39 
34 2 9 
34 2 17 
34 2 18 
34 2 23 
34 2 45 
34 3 17 
34 3 18 
34 3 23 
34 4 9 
34 4 27 
34 4 39 
34 4 45 
34 5 9 
34 5 39 
34 5 45 
34 6 18 
34 6 39 
34 7 18 
34 7 46 
34 7 48 
35 1 27 
35 1 28 
35 2 27 
35 2 28 
35 3 27 
35 4 27 
35 4 28 
36 1 3 
36 1 18 
36 1 19 
36 1 25 
36 1 39 
36 1 44 
36 2 10 
36 2 18 
36 3 4 
36 3 10 
36 3 18 
36 3 36 
36 3 44 
36 4 10 
36 5 19 
36 5 25 
36 5 39 
36 5 44 
36 6 18 
36 6 22 
36 6 27 
36 6 39 
36 6 47 
36 7 3 
36 7 19 
36 7 25 
36 7 39 
36 7 41 
36 8 3 
36 8 10 
36 8 18 
36 8 39 
36 9 6 
36 9 14 
36 9 27 
36 9 36 
36 9 39 
36 9 44 
37 1 4 
37 1 17 
37 1 26 
37 1 47 
37 2 4 
37 2 47 
37 3 4 
37 3 47 
37 4 4 
37 4 47 
37 5 13 
37 6 35 
37 7 4 
37 7 47 
37 8 47 
38 1 19 
38 1 49 
38 2 19 
38 2 49 
38 3 19 
38 3 49 
39 1 3 
39 1 18 
39 1 39 
39 1 49 
39 2 5 
39 2 18 
39 2 22 
39 2 39 
39 2 44 
39 2 49 
39 3 18 
39 3 35 
39 3 44 
39 3 47 
39 3 49 
39 4 10 
39 4 11 
39 4 13 
39 4 34 
39 4 44 
39 4 49 
39 5 3 
39 5 5 
39 5 10 
39 5 11 
39 5 39 
39 5 43 
39 5 49 
40 1 6 
40 1 10 
40 1 17 
40 1 37 
40 1 39 
40 1 49 
40 2 22 
40 2 35 
40 2 37 
40 2 42 
40 3 12 
40 3 17 
40 3 37 
40 3 39 
40 4 0 
40 5 1 
40 5 4 
40 5 27 
40 5 34 
40 5 37 
41 1 4 
41 1 10 
41 1 23 
41 1 24 
41 2 4 
41 2 10 
41 2 23 
41 2 24 
41 3 4 
41 3 23 
41 3 24 
41 4 18 
41 4 24 
41 5 4 
41 5 23 
41 5 24 
41 5 28 
41 5 33 
42 1 1 
42 1 18 
43 1 3 
43 1 18 
43 1 28 
43 1 47 
43 2 18 
43 2 47 
43 2 48 
43 3 28 
43 3 47 
43 3 48 
43 4 3 
43 4 19 
43 4 27 
43 4 40 
43 5 3 
43 5 10 
43 5 13 
43 5 19 
43 5 37 
43 6 3 
43 6 10 
43 6 19 
43 6 48 
44 1 11 
44 2 11 
44 2 37 
44 3 11 
45 1 18 
45 2 18 
46 1 6 
46 1 40 
46 2 1 
46 2 6 
46 2 11 
46 2 34 
46 3 1 
46 3 6 
46 3 34 
46 3 40 
47 1 1 
47 1 5 
47 1 10 
47 1 11 
47 1 37 
47 1 39 
47 1 48 
47 2 10 
47 2 11 
47 2 25 
47 2 42 
47 3 1 
47 3 10 
47 3 11 
47 3 25 
47 3 32 
47 3 37 
47 3 49 
47 4 1 
47 4 5 
47 4 37 
47 4 40 
47 4 42 
47 4 48 
47 5 5 
47 5 10 
47 5 11 
47 5 17 
47 5 18 
47 5 27 
47 5 40 
47 6 1 
47 6 10 
47 6 11 
47 6 18 
47 6 40 
47 6 49 
48 1 4 
48 1 26 
48 1 28 
48 2 26 
48 2 28 
48 2 33 
48 2 44 
48 3 13 
48 3 26 
48 3 28 
49 1 6 
49 1 11 
49 1 42 
49 2 9 
49 2 11 
49 2 12 
49 2 27 
49 2 30 
49 2 40 
49 3 11 
49 3 25 
49 3 42 
49 4 27 
49 4 30 
49 4 35 
49 4 42 
49 4 48 
50 1 3 
50 1 6 
50 1 33 
50 1 49 
50 2 3 
50 2 37 
50 2 49 
50 3 3 
50 3 5 
50 3 6 
50 3 37 
51 1 3 
51 2 3 
52 1 11 
52 1 17 
52 1 27 
52 1 33 
52 2 11 
52 2 27 
52 3 11 
52 3 27 
52 3 37 
53 1 9 
53 1 25 
53 2 9 
53 2 25 
53 3 11 
53 3 25 
54 1 27 
54 1 28 
54 1 37 
54 2 27 
54 2 28 
55 1 4 
55 1 28 
55 1 35 
55 1 37 
55 2 28 
55 2 39 
55 3 28 
55 3 39 
55 4 28 
55 4 35 
56 1 5 
56 1 11 
56 1 30 
56 2 11 
56 2 30 
56 3 3 
56 3 30 
56 4 5 
56 4 48 
56 5 5 
56 5 48 
56 6 5 
56 6 11 
56 6 30 
56 6 48 
57 1 3 
58 1 4 
58 1 11 
58 1 42 
58 1 47 
58 2 4 
58 2 11 
58 2 47 
58 3 3 
58 3 4 
58 3 40 
58 3 47 
59 1 20 
59 1 27 
59 1 37 
59 1 49 
59 2 36 
59 2 37 
59 2 49 
59 3 4 
59 3 20 
59 3 32 
59 3 35 
59 3 37 
59 4 20 
59 4 27 
59 4 36 
59 4 37 
59 5 11 
59 5 27 
59 5 28 
59 5 37 
59 5 44 
59 5 49 
60 1 11 
60 1 25 
60 2 10 
60 2 11 
60 2 25 
61 1 35 
62 1 1 
62 1 47 
62 2 1 
62 2 17 
62 2 40 
62 2 47 
62 3 1 
62 3 35 
62 3 47 
62 4 1 
62 4 37 
62 4 47 
62 5 1 
62 5 47 
63 1 32 
63 2 32 
64 1 42 
64 1 43 
64 1 48 
64 2 33 
64 2 42 
64 2 43 
64 2 48 
64 3 22 
64 3 42 
64 3 43 
64 3 48 
65 1 13 
65 1 17 
65 2 4 
65 2 23 
65 2 40 
66 1 3 
66 1 8 
66 1 17 
66 1 25 
66 1 42 
66 1 49 
66 2 3 
66 2 5 
66 2 8 
66 2 17 
66 2 18 
66 2 25 
66 2 42 
66 2 49 
66 3 3 
66 3 17 
66 3 25 
66 3 27 
66 3 44 
66 3 49 
66 4 13 
66 4 17 
66 4 25 
66 4 33 
66 4 37 
66 4 42 
66 4 49 
67 1 1 
67 1 3 
67 1 10 
67 1 12 
67 1 14 
67 1 18 
67 1 27 
67 1 37 
67 2 3 
67 2 10 
67 2 12 
67 2 19 
67 2 27 
67 3 3 
67 3 10 
67 3 11 
67 3 27 
67 3 39 
67 3 47 
68 1 3 
68 1 24 
68 2 15 
68 2 24 
68 2 47 
68 3 15 
68 3 24 
69 1 3 
69 1 4 
69 1 27 
69 2 12 
69 2 18 
69 2 27 
69 2 39 
69 2 48 
70 1 5 
70 1 37 
70 2 5 
70 2 37 
71 1 4 
71 1 35 
71 1 44 
71 2 4 
71 2 35 
71 2 44 
72 1 12 
72 1 17 
72 2 12 
72 2 17 
72 3 12 
72 3 17 
72 3 29 
72 4 12 
72 4 29 
72 5 12 
72 5 29 
72 6 12 
73 1 3 
73 1 6 
73 1 12 
73 2 11 
73 2 12 
73 2 17 
73 2 18 
73 2 29 
73 2 43 
73 3 12 
73 3 17 
73 3 29 
73 4 3 
73 4 6 
73 4 29 
73 4 40 
73 4 42 
73 4 44 
73 5 6 
73 5 17 
73 5 28 
73 5 29 
74 1 5 
74 1 11 
74 1 22 
74 1 45 
74 2 1 
74 2 11 
74 2 13 
74 2 25 
74 2 27 
74 2 37 
74 3 4 
74 3 11 
74 3 32 
74 3 40 
74 3 47 
74 4 17 
74 4 22 
74 4 42 
74 4 46 
74 4 47 
74 5 9 
74 5 11 
74 5 22 
74 5 40 
74 5 43 
74 6 11 
74 6 37 
74 6 40 
74 7 11 
74 7 37 
74 7 43 
74 7 47 
74 7 48 
75 1 3 
75 1 4 
75 1 37 
75 2 1 
75 2 3 
75 2 4 
75 2 15 
75 2 22 
75 2 37 
75 2 44 
75 3 3 
75 3 4 
75 3 15 
75 3 42 
75 3 44 
75 4 1 
75 4 15 
75 5 17 
75 5 18 
75 5 24 
75 5 42 
75 5 44 
75 6 1 
75 6 3 
75 6 9 
75 6 24 
75 6 44 
75 6 48 
75 7 3 
75 7 4 
75 7 21 
75 7 24 
75 7 28 
75 7 42 
76 1 11 
76 1 17 
76 1 34 
76 2 18 
76 3 11 
76 3 17 
76 3 31 
76 3 34 
76 4 18 
76 5 3 
76 5 19 
76 5 42 
